{
 "cells": [
  {
   "cell_type": "markdown",
   "metadata": {},
   "source": [
    "# Урок 8"
   ]
  },
  {
   "cell_type": "markdown",
   "metadata": {},
   "source": [
    "# Сингулярное разложение матриц"
   ]
  },
  {
   "cell_type": "markdown",
   "metadata": {},
   "source": [
    "__1. Найти с помощью NumPy SVD для матрицы__\n",
    "\n",
    "$$\\begin{pmatrix}\n",
    "1 & 2 & 0\\\\ \n",
    "0 & 0 & 5\\\\ \n",
    "3 & -4 & 2\\\\ \n",
    "1 & 6 & 5\\\\ \n",
    "0 & 1 & 0\n",
    "\\end{pmatrix}.$$"
   ]
  },
  {
   "cell_type": "code",
   "execution_count": 4,
   "metadata": {},
   "outputs": [
    {
     "name": "stdout",
     "output_type": "stream",
     "text": [
      "Матрица D:\n",
      "[[8.82486885 0.         0.        ]\n",
      " [0.         6.14060608 0.        ]\n",
      " [0.         0.         2.53271528]\n",
      " [0.         0.         0.        ]\n",
      " [0.         0.         0.        ]]\n",
      "\n",
      "Матрица U:\n",
      "[[ 0.17056501  0.15680918 -0.53077508 -0.79905375 -0.16158397]\n",
      " [ 0.39287016 -0.52933945  0.6134793  -0.43375771  0.03082495]\n",
      " [-0.14366152 -0.82449256 -0.52379105  0.14049848  0.07400343]\n",
      " [ 0.88843702  0.06074346 -0.24655277  0.37755832 -0.06042632]\n",
      " [ 0.08125046  0.10831843 -0.08231425 -0.10524851  0.98173958]]\n",
      "\n",
      "Матрица V:\n",
      "[[ 0.07116451 -0.36737824 -0.92734505]\n",
      " [ 0.71702467  0.66514082 -0.20847855]\n",
      " [ 0.69340553 -0.65009301  0.31075368]]\n",
      "\n",
      "[[ 1.00000000e+00  2.00000000e+00  5.69432293e-16]\n",
      " [ 1.03164637e-15 -2.16649373e-15  5.00000000e+00]\n",
      " [ 3.00000000e+00 -4.00000000e+00  2.00000000e+00]\n",
      " [ 1.00000000e+00  6.00000000e+00  5.00000000e+00]\n",
      " [-1.05854814e-16  1.00000000e+00  5.52894695e-17]]\n"
     ]
    }
   ],
   "source": [
    "import numpy as np\n",
    "\n",
    "A = np.array([\n",
    "    [1, 2, 0],\n",
    "    [0, 0, 5],\n",
    "    [3, -4, 2],\n",
    "    [1, 6, 5],\n",
    "    [0, 1, 0]\n",
    "])\n",
    "\n",
    "U, s, W = np.linalg.svd(A)\n",
    "\n",
    "V = W.T\n",
    "\n",
    "# s - список диагональных элементов\n",
    "D = np.zeros_like(A, dtype=float)\n",
    "D[np.diag_indices(min(A.shape))] = s\n",
    "\n",
    "print(f'Матрица D:\\n{D}\\n')\n",
    "print(f'Матрица U:\\n{U}\\n')\n",
    "print(f'Матрица V:\\n{V}\\n')\n",
    "\n",
    "# Проверка\n",
    "print(np.dot(np.dot(U, D), V.T))"
   ]
  },
  {
   "cell_type": "markdown",
   "metadata": {},
   "source": [
    "__2. Для матрицы из предыдущего задания найти:__\n",
    "\n",
    "    а) евклидову норму;\n",
    "    б) норму Фробениуса."
   ]
  },
  {
   "cell_type": "code",
   "execution_count": 11,
   "metadata": {},
   "outputs": [
    {
     "name": "stdout",
     "output_type": "stream",
     "text": [
      "Норма Фробениуса:\n",
      "11.045361017187261\n",
      "\n",
      "Норма Евклида:\n",
      "12.0\n"
     ]
    }
   ],
   "source": [
    "A = np.array([\n",
    "    [1, 2, 0],\n",
    "    [0, 0, 5],\n",
    "    [3, -4, 2],\n",
    "    [1, 6, 5],\n",
    "    [0, 1, 0]\n",
    "])\n",
    "\n",
    "print(f'Норма Фробениуса:\\n{np.linalg.norm(A)}\\n')\n",
    "print(f'Норма Евклида:\\n{np.linalg.norm(A, np.inf)}')"
   ]
  }
 ],
 "metadata": {
  "kernelspec": {
   "display_name": "Python 3",
   "language": "python",
   "name": "python3"
  },
  "language_info": {
   "codemirror_mode": {
    "name": "ipython",
    "version": 3
   },
   "file_extension": ".py",
   "mimetype": "text/x-python",
   "name": "python",
   "nbconvert_exporter": "python",
   "pygments_lexer": "ipython3",
   "version": "3.7.6"
  }
 },
 "nbformat": 4,
 "nbformat_minor": 4
}
